0.246418 2
0.132685 354
0.003096 219
0.006816 293
0.007659 27
0.003313 110
0.001076 1
0.710964 1
0.171081 1
0.046910 1
0.169007 1
0.114995 1
0.028028 1
0.135975 1
0.091033 1
0.163970 1
0.034030 1
0.145001 1
0.115021 1
0.036944 1
0.115004 1
0.085007 1
0.172985 2
0.495992 13
0.202988 13
0.003008 39
5.163177 13
0.000917 26
0.000897 13
0.001106 91
0.099268 13
0.006653 13
0.275987 54
0.376984 47
0.002011 310
0.001980 773
0.029075 432
0.001007 62
0.002928 34
2.007057 129
0.038240 1
1.845745 1
0.195986 1
0.114021 1
0.150012 1
0.162991 4
0.516984 1
0.199005 1
0.172007 1
0.024993 1
0.117013 4
0.272991 4
0.157992 1
0.190981 1
0.115015 1
0.165029 1
0.015966 1
0.382024 1
0.139978 1
0.113004 1
0.036015 1
0.115006 1
0.026980 1
0.112976 1
0.242016 1
0.116995 1
0.115998 1
0.002989 1
0.152038 1
0.153981 1
0.115993 1
0.069021 1
0.248980 1
0.208006 1
0.181989 1
0.116013 1
0.072999 2
0.771232 13
0.189742 13
0.001996 137
0.001058 26
3.233853 26
0.000967 13
0.000886 13
0.000013 13
0.000981 13
0.004055 39
0.000979 26
0.001155 13
0.000854 13
0.076011 13
0.194972 54
0.418222 2
0.001099 45
0.000976 310
0.001925 773
0.025049 383
0.001032 49
0.000969 62
0.001932 168
0.502025 1
0.710024 2
0.259997 13
0.031976 13
0.005991 13
0.661011 13
0.143784 13
0.002967 73
0.057260 13
0.001044 26
0.848939 13
0.002999 95
0.191997 13
0.003119 13
0.086975 13
0.162052 13
0.711858 13
0.250778 13
0.000982 94
0.032235 26
0.045002 13
0.004009 111
0.194002 13
0.516008 13
0.169998 26
1.043987 13
0.001983 98
0.197029 13
0.001985 13
0.076034 13
0.153990 26
1.037810 13
0.002917 92
0.186039 13
0.000974 13
2.377038 13
0.003959 96
0.001986 13
0.007012 95
0.365025 13
0.046023 13
0.001951 73
0.030244 13
0.001067 67
0.077953 26
0.804986 13
0.004046 13
0.117953 79
0.167991 26
0.001072 26
0.173746 94
0.008240 63
0.260746 181
0.001359 13
0.560844 100
0.235028 13
0.001055 75
0.479928 90
0.112973 875
0.001798 13
0.000977 64
0.119029 65
0.008991 67
0.003973 60
0.008027 149
0.176125 236
0.034884 149
0.015994 26
0.000965 13
0.003122 200
0.082903 108
0.000024 91
0.001032 88
0.067951 98
0.035051 13
0.001017 13
0.792936 26
1.202963 13
0.004011 98
0.196000 13
0.001054 13
0.807938 26
1.200002 13
0.002976 82
0.194016 26
0.001057 109
0.799514 82
0.348436 54
2.104006 107
1.691203 98
0.000883 100
0.909920 62
0.523006 77
0.156004 243
0.000968 489
0.000985 130
0.001014 51
0.027006 52
0.008999 54
0.002989 47
0.009018 136
0.185992 223
0.044038 136
0.016967 373
0.108962 200
2.136131 64
5.013915 64
5.013370 64
5.016157 64
9.014940 64
9.016956 64
8.010576 64
8.015981 64
8.009078 65
5.017506 65
5.008427 89
1.981019 125
0.027029 13
0.823960 13
0.181999 13
2.181703 13
0.477591 13
0.000940 140
0.029026 26
0.636019 13
0.004050 13
0.361886 73
0.063897 13
0.000870 108
0.051022 13
0.954002 13
0.051019 13
0.529985 13
0.120248 13
0.001095 94
0.004915 26
0.947024 13
0.006035 98
0.693866 13
0.001044 13
0.358021 13
0.423007 26
1.041761 13
0.004001 98
0.435983 13
0.001020 13
0.741976 13
0.414989 26
1.038997 13
0.003041 105
0.426371 15
3.404906 13
0.017949 13
0.002989 26
4.680591 26
0.001395 26
0.000999 13
0.001024 13
0.081018 34
5.239035 52
5.023560 26
0.001375 13
0.000838 13
0.087273 54
0.318883 47
0.001095 2
0.001884 788
0.025033 432
0.001087 62
0.001885 34
2.006800 129
0.037008 6
