0.567775 119
0.153691 69
0.061559 1
0.000035 111
0.000349 7
0.000060 1
1.110905 3
0.067838 1
0.066942 7
1.742494 1
0.000074 2
0.000018 4
0.000633 24
0.000020 1
0.000046 31
0.072677 106
0.000015 52
0.024759 166
0.000021 113
0.000066 137
0.429048 42
1.123467 41
0.001479 56
0.000115 57
1.268107 51
0.332803 135
0.337196 2
0.000038 42
1.051026 41
0.003694 84
0.067922 79
0.014123 70
0.003852 170
0.052667 2
0.000012 43
0.018623 133
0.127600 135
0.002284 242
0.004760 2
0.000036 152
0.140492 2
0.000043 141
0.000922 2
0.000022 135
0.000116 2
0.000024 55
0.000533 2
0.000022 97
0.110476 194
1.054572 194
1.001237 194
1.000786 194
1.001221 194
1.001190 194
1.001401 194
1.000173 194
1.001147 194
1.001175 194
1.001251 194
1.000457 194
1.001160 194
1.001475 194
1.001572 194
1.001251 194
1.001522 194
1.001337 194
1.001521 194
1.001349 194
1.001342 194
1.000669 192
1.001453 2
1.001198 50
0.005099 140
0.000543 62
0.660317 93
0.000034 15
0.000009 33
0.000011 113
0.000010 24
0.000010 201
0.000037 39
0.000078 34
0.000010 53
0.030581 119
0.000059 4
0.043600 66
0.000020 111
0.000228 7
0.000106 1
2.756909 2
